"","tempm","tempi","dewptm","dewpti","hum","wspdm","wspdi","wgustm","wgusti","wdird","vism","visi","pressurem","pressurei","windchillm"
"tempm",1,0.98533277397405,0.0873052562196044,0.177015354090282,-0.740624083430595,-0.278830459616639,0.17542434224483,-0.128382573218988,-0.128382573218988,0.450427990748077,-0.484588209565036,-0.0866485470177076,-0.473765898798092,-0.510081372319689,0.372931948178295
"tempi",0.98533277397405,1,0.0128723925843377,0.124116355237066,-0.787946216171891,-0.30814349193312,0.165800082319718,-0.170380779963894,-0.170380779963894,0.499665132218162,-0.529159188316256,-0.076820123493079,-0.472291274901349,-0.515567447981712,0.358487711615456
"dewptm",0.0873052562196044,0.0128723925843377,1,0.872367557428844,0.430066574276675,0.0480478163153822,-0.0671610279696614,-0.195876983028455,-0.195876983028455,-0.238977064329943,0.295085610084451,0.233866725178007,-0.344524226394752,-0.205396828060545,0.537052133600331
"dewpti",0.177015354090282,0.124116355237066,0.872367557428844,1,0.444567038948036,0.00527031965629445,-0.0192124274110322,-0.215008254298226,-0.215008254298226,-0.240969926636556,0.231852653703174,0.246989468531436,-0.349895731901973,-0.191110490850426,0.615926235660319
"hum",-0.740624083430595,-0.787946216171891,0.430066574276675,0.444567038948036,1,0.275416602656821,-0.131718220618969,0.140526022711411,0.140526022711411,-0.632017171972438,0.599980770500805,0.146779186413143,0.237605918576964,0.384152281169044,0.0427148493150003
"wspdm",-0.278830459616639,-0.30814349193312,0.0480478163153822,0.00527031965629445,0.275416602656821,1,0.154542356402138,0.0836798224634788,0.0836798224634788,-0.488883867539319,0.344013529797875,0.0754002538789494,0.21746730277861,0.294098476389365,-0.0693825556591128
"wspdi",0.17542434224483,0.165800082319718,-0.0671610279696614,-0.0192124274110322,-0.131718220618969,0.154542356402138,1,0.0522289120529025,0.0522289120529025,0.19705171961941,-0.225295064273765,-0.291376328449139,-0.181041514576078,-0.223620951302466,0.0698002789976498
"wgustm",-0.128382573218988,-0.170380779963894,-0.195876983028455,-0.215008254298226,0.140526022711411,0.0836798224634788,0.0522289120529025,1,1,0.101364926850727,0.0106595605815014,-0.228986679343491,0.398964478029897,0.385347436583974,-0.471951173271712
"wgusti",-0.128382573218988,-0.170380779963894,-0.195876983028455,-0.215008254298226,0.140526022711411,0.0836798224634788,0.0522289120529025,1,1,0.101364926850727,0.0106595605815014,-0.228986679343491,0.398964478029897,0.385347436583974,-0.471951173271712
"wdird",0.450427990748077,0.499665132218162,-0.238977064329943,-0.240969926636556,-0.632017171972438,-0.488883867539319,0.19705171961941,0.101364926850727,0.101364926850727,1,-0.686204507014802,-0.188768479838382,-0.0683765955574775,-0.208190294028467,-0.211278475766499
"vism",-0.484588209565036,-0.529159188316256,0.295085610084451,0.231852653703174,0.599980770500805,0.344013529797875,-0.225295064273765,0.0106595605815014,0.0106595605815014,-0.686204507014802,1,0.441321927665479,0.125959635801425,0.222667039695965,0.0469808947352291
"visi",-0.0866485470177076,-0.076820123493079,0.233866725178007,0.246989468531436,0.146779186413143,0.0754002538789494,-0.291376328449139,-0.228986679343491,-0.228986679343491,-0.188768479838382,0.441321927665479,1,0.0381622814588225,0.0678702591803502,0.0552417059128002
"pressurem",-0.473765898798092,-0.472291274901349,-0.344524226394752,-0.349895731901973,0.237605918576964,0.21746730277861,-0.181041514576078,0.398964478029897,0.398964478029897,-0.0683765955574775,0.125959635801425,0.0381622814588225,1,0.960205144282862,-0.810708747092739
"pressurei",-0.510081372319689,-0.515567447981712,-0.205396828060545,-0.191110490850426,0.384152281169044,0.294098476389365,-0.223620951302466,0.385347436583974,0.385347436583974,-0.208190294028467,0.222667039695965,0.0678702591803502,0.960205144282862,1,-0.664822973005023
"windchillm",0.372931948178295,0.358487711615456,0.537052133600331,0.615926235660319,0.0427148493150003,-0.0693825556591128,0.0698002789976498,-0.471951173271712,-0.471951173271712,-0.211278475766499,0.0469808947352291,0.0552417059128002,-0.810708747092739,-0.664822973005023,1
